50 34039 0.772171 1.05924
1 34039 2.74049 0.147444
2 34039 1.57712 0.218171
3 34039 1.1318 0.272603
4 34039 0.866192 0.309276
5 34039 0.766438 0.328366
6 34039 0.666726 0.377996
7 34039 0.593403 0.397189
8 34039 0.538292 0.422134
9 34039 0.647588 0.446258
10 34039 0.994396 0.473027
11 34039 0.991429 0.512841
12 34039 1.04806 0.526743
13 34039 1.04725 0.546221
14 34039 1.07683 0.566853
15 34039 1.01848 0.585756
16 34039 0.974096 0.620596
17 34039 1.02286 0.626307
18 34039 0.85568 0.639754
19 34039 0.898373 0.662242
20 34039 0.820933 0.670949
21 34039 0.828996 0.688832
22 34039 0.802072 0.69805
23 34039 0.747917 0.716157
24 34039 0.761035 0.731422
25 34039 0.740854 0.757088
26 34039 0.737506 0.792745
27 34039 0.755891 0.780276
28 34039 0.763714 0.805403
29 34039 0.740234 0.783205
30 34039 0.70636 0.822629
31 34039 0.742727 0.854686
32 34039 0.746528 0.840336
33 34039 0.782662 0.875754
34 34039 0.717677 0.86663
35 34039 0.755285 0.898562
36 34039 0.750455 0.922351
37 34039 0.747645 0.917357
38 34039 0.723349 0.902887
39 34039 0.768771 0.957977
40 34039 0.771202 0.978995
41 34039 0.760758 0.968113
42 34039 0.754861 0.970025
43 34039 0.730764 1.00383
44 34039 0.768663 1.01194
45 34039 0.794242 1.04762
46 34039 0.764451 1.04224
47 34039 0.835332 1.06956
48 34039 0.83356 1.04324
49 34039 0.771375 1.06573
50 34039 0.820415 1.05287
