50 10397 0.069925 0.352988
1 10397 0.251093 0.037764
2 10397 0.144725 0.086278
3 10397 0.103617 0.103986
4 10397 0.074232 0.118555
5 10397 0.064222 0.139803
6 10397 0.054508 0.136345
7 10397 0.050779 0.164156
8 10397 0.045398 0.153664
9 10397 0.076894 0.176419
10 10397 0.103023 0.17628
11 10397 0.117853 0.186564
12 10397 0.117714 0.197659
13 10397 0.119231 0.193306
14 10397 0.122511 0.205184
15 10397 0.121856 0.205973
16 10397 0.11074 0.209036
17 10397 0.108282 0.211425
18 10397 0.118861 0.225065
19 10397 0.099485 0.234432
20 10397 0.11036 0.24429
21 10397 0.094883 0.248105
22 10397 0.098924 0.256919
23 10397 0.114463 0.278005
24 10397 0.105366 0.285642
25 10397 0.103618 0.289922
26 10397 0.093909 0.296911
27 10397 0.094899 0.318884
28 10397 0.091704 0.299249
29 10397 0.107491 0.292737
30 10397 0.10851 0.299628
31 10397 0.089252 0.308657
32 10397 0.089986 0.324952
33 10397 0.085415 0.310879
34 10397 0.092503 0.306927
35 10397 0.090405 0.323039
36 10397 0.080573 0.339901
37 10397 0.090539 0.337619
38 10397 0.095272 0.324631
39 10397 0.083896 0.343245
40 10397 0.093625 0.335351
41 10397 0.087666 0.356024
42 10397 0.10331 0.34171
43 10397 0.087734 0.350296
44 10397 0.074065 0.347791
45 10397 0.067478 0.358269
46 10397 0.080625 0.36568
47 10397 0.086011 0.349196
48 10397 0.084037 0.353999
49 10397 0.083485 0.350042
50 10397 0.085152 0.343008
